---------------------------------
Using Selection Sort algorithm:
Before sorting: [0.0, 16.0, 25.0, 15.0, 6.0, 4.0, 18.0, 9.0, 8.0, 9.0, 28.0, 2.0, 27.0, 11.0, 14.0, 8.0, 13.0, 0.0, 21.0, 25.0, 3.0, 22.0, 14.0, 26.0]
After sorting: [0.0, 0.0, 2.0, 3.0, 4.0, 6.0, 8.0, 8.0, 9.0, 9.0, 11.0, 13.0, 14.0, 14.0, 15.0, 16.0, 18.0, 21.0, 22.0, 25.0, 25.0, 26.0, 27.0, 28.0]
Binary search for value 26.0 return 21
---------------------------------
Using Insertion Sort algorithm:
Before sorting: [0.0, 16.0, 25.0, 15.0, 6.0, 4.0, 18.0, 9.0, 8.0, 9.0, 28.0, 2.0, 27.0, 11.0, 14.0, 8.0, 13.0, 0.0, 21.0, 25.0, 3.0, 22.0, 14.0, 26.0]
After sorting: [0.0, 0.0, 2.0, 3.0, 4.0, 6.0, 8.0, 8.0, 9.0, 9.0, 11.0, 13.0, 14.0, 14.0, 15.0, 16.0, 18.0, 21.0, 22.0, 25.0, 25.0, 26.0, 27.0, 28.0]
Binary search for value 26.0 return 21
---------------------------------
Using Bubble Sort algorithm:
Before sorting: [0.0, 16.0, 25.0, 15.0, 6.0, 4.0, 18.0, 9.0, 8.0, 9.0, 28.0, 2.0, 27.0, 11.0, 14.0, 8.0, 13.0, 0.0, 21.0, 25.0, 3.0, 22.0, 14.0, 26.0]
After sorting: [0.0, 0.0, 2.0, 3.0, 4.0, 6.0, 8.0, 8.0, 9.0, 9.0, 11.0, 13.0, 14.0, 14.0, 15.0, 16.0, 18.0, 21.0, 22.0, 25.0, 25.0, 26.0, 27.0, 28.0]
Binary search for value 26.0 return 21