"C:\Program Files\Java\jdk-19\bin\java.exe" "-javaagent:C:\Program Files\JetBrains\IntelliJ IDEA 2023.1\lib\idea_rt.jar=55029:C:\Program Files\JetBrains\IntelliJ IDEA 2023.1\bin" -Dfile.encoding=UTF-8 -Dsun.stdout.encoding=UTF-8 -Dsun.stderr.encoding=UTF-8 -classpath D:\Finals\out\production\Finals finals.candidatemanager.App
[20001878 20001879 20001881 20001889 20001880 20001887 20001888 20001885 20001883 20001882 20001884 20001886 20001890 20001892 20001893 20000166 20001894 20001895 20001896 20001897 20001898 20001899 20001900 20001903 20001902 20001901 20001904 20001905 20001906 20001907 20001909 20000115 20001911 20001910 20001912 20001913 20001914 20001917 20001918 20000368 20001916 20001920 20001921 20001922 20001923 20000223 20001924 20001925 20001926]

===============================
[20001926 20001878 20001879 20001924 20000223 20001880 20001889 20001923 20001887 20001885 20001883 20001897 20001888 20001892 20000166 20001893 20001894 20000368 20001884 20001886 20001898 20001882 20001916 20001903 20001921 20001900 20001904 20001901 20001906 20001895 20001896 20001881 20000115 20001910 20001911 20001925 20001920 20001917 20001907 20001918 20001905 20001914 20001902 20001899 20001922 20001909 20001890 20001913 20001912]
[20000166 20001918 20001914 20001904 20000223]
Sort math
Math decreasing
[20000223 20001900 20001920 20001897 20000166 20001880 20001906 20001923 20001924 20001892 20001887 20001904 20001878 20001885 20001926 20001893 20001894 20000368 20001921 20001886 20001898 20001903 20001916 20001882 20001907 20001895 20001917 20001910 20001889 20001918 20001905 20001914 20001890 20001901 20001913 20001884 20001883 20001902 20001899 20001896 20001888 20001879 20001925 20001881 20001922 20001909 20000115 20001911 20001912]
Math increasing
[20000223 20001895 20001901 20001897 20000166 20001880 20001903 20001923 20001898 20001892 20001910 20001904 20001918 20001885 20001926 20001893 20001894 20000368 20001889 20001886 20001924 20001906 20001916 20001882 20001907 20001900 20001917 20001887 20001921 20001878 20001905 20001883 20001879 20001920 20001909 20001884 20001914 20001902 20001899 20001896 20001888 20001890 20001925 20001881 20001922 20001913 20000115 20001911 20001912]
Five highest math student
[20000223 20001886 20001917 20001897 20000166]
Five lowest math student
[20000223 20001923 20001916 20001897 20000166]

===============================
Sort average
[20001911 20001887 20001884 20001905 20000166 20001923 20001889 20001907 20001892 20001900 20001912 20001916 20001897 20001878 20001896 20001880 20001893 20001882 20000223 20001886 20001895 20001903 20000115 20001881 20001898 20001918 20001904 20001894 20001910 20001885 20001906 20001883 20001920 20001925 20001901 20001926 20001879 20001902 20001924 20001888 20001917 20001890 20001914 20001921 20000368 20001913 20001909 20001899 20001922]
[20001922 20000368 20001887 20001921 20000223 20001923 20001917 20001924 20001892 20001926 20001911 20001885 20001897 20001889 20001884 20001880 20000166 20001894 20001893 20001886 20001904 20001903 20001899 20001896 20001898 20001907 20001895 20001882 20001906 20001916 20001910 20001878 20001918 20001905 20001900 20001901 20001914 20001883 20001920 20001888 20001902 20001879 20001890 20001925 20001881 20001909 20001913 20000115 20001912]
[20001912 20000115 20001882 20001881 20001879]
[20001922 20001912 20000115 20000368 20001881]

Process finished with exit code 0
